% Generated using GBSolver generator Copyright Martin Bujnak,
% Zuzana Kukelova, Tomas Pajdla CTU Prague 2008.
% 
% Please refer to the following paper, when using this code :
%     Kukelova Z., Bujnak M., Pajdla T., Automatic Generator of Minimal Problem Solvers,
%     ECCV 2008, Marseille, France, October 12-18, 2008

function [c, b, a, d] = solver_get_r_equations_abcd(l1_11, l2_11, l3_11)

	% precalculate polynomial equations coefficients
	c(1) = 1;
	c(2) = 1;
	c(3) = 1;
	c(4) = 1;
	c(5) = -1;
	c(6) = - 8*l1_11(1)*l2_11(2)*l3_11(3) - 8*l1_11(1)*l2_11(3)*l3_11(2) - 8*l1_11(2)*l2_11(1)*l3_11(3) - 8*l1_11(2)*l2_11(3)*l3_11(1) - 8*l1_11(3)*l2_11(1)*l3_11(2) - 8*l1_11(3)*l2_11(2)*l3_11(1);
	c(7) = 2*l1_11(2)*l2_11(2)*l3_11(1) - 2*l1_11(1)*l2_11(2)*l3_11(2) + 2*l1_11(1)*l2_11(3)*l3_11(3) - 2*l1_11(3)*l2_11(3)*l3_11(1);
	c(8) = 2*l1_11(2)*l2_11(1)*l3_11(1) - 2*l1_11(1)*l2_11(1)*l3_11(2) - 2*l1_11(2)*l2_11(3)*l3_11(3) + 2*l1_11(3)*l2_11(3)*l3_11(2);
	c(9) = 2*l1_11(1)*l2_11(1)*l3_11(3) - 2*l1_11(3)*l2_11(1)*l3_11(1) - 2*l1_11(2)*l2_11(2)*l3_11(3) + 2*l1_11(3)*l2_11(2)*l3_11(2);
	c(10) = 6*l1_11(1)*l2_11(2)*l3_11(2) - 6*l1_11(2)*l2_11(2)*l3_11(1) - 6*l1_11(1)*l2_11(3)*l3_11(3) + 6*l1_11(3)*l2_11(3)*l3_11(1);
	c(11) = 2*l1_11(1)*l2_11(1)*l3_11(3) + 4*l1_11(1)*l2_11(3)*l3_11(1) + 2*l1_11(3)*l2_11(1)*l3_11(1) - 6*l1_11(2)*l2_11(2)*l3_11(3) - 4*l1_11(2)*l2_11(3)*l3_11(2) - 6*l1_11(3)*l2_11(2)*l3_11(2) + 8*l1_11(3)*l2_11(3)*l3_11(3);
	c(12) = 2*l1_11(1)*l2_11(1)*l3_11(2) + 4*l1_11(1)*l2_11(2)*l3_11(1) + 2*l1_11(2)*l2_11(1)*l3_11(1) + 8*l1_11(2)*l2_11(2)*l3_11(2) - 6*l1_11(2)*l2_11(3)*l3_11(3) - 4*l1_11(3)*l2_11(2)*l3_11(3) - 6*l1_11(3)*l2_11(3)*l3_11(2);
	c(13) = 6*l1_11(1)*l2_11(1)*l3_11(2) - 6*l1_11(2)*l2_11(1)*l3_11(1) + 6*l1_11(2)*l2_11(3)*l3_11(3) - 6*l1_11(3)*l2_11(3)*l3_11(2);
	c(14) = 2*l1_11(2)*l2_11(2)*l3_11(3) - 4*l1_11(1)*l2_11(3)*l3_11(1) - 6*l1_11(3)*l2_11(1)*l3_11(1) - 6*l1_11(1)*l2_11(1)*l3_11(3) + 4*l1_11(2)*l2_11(3)*l3_11(2) + 2*l1_11(3)*l2_11(2)*l3_11(2) + 8*l1_11(3)*l2_11(3)*l3_11(3);
	c(15) = 8*l1_11(1)*l2_11(1)*l3_11(1) + 2*l1_11(1)*l2_11(2)*l3_11(2) + 4*l1_11(2)*l2_11(1)*l3_11(2) + 2*l1_11(2)*l2_11(2)*l3_11(1) - 6*l1_11(1)*l2_11(3)*l3_11(3) - 4*l1_11(3)*l2_11(1)*l3_11(3) - 6*l1_11(3)*l2_11(3)*l3_11(1);
	c(16) = 6*l1_11(3)*l2_11(1)*l3_11(1) - 6*l1_11(1)*l2_11(1)*l3_11(3) + 6*l1_11(2)*l2_11(2)*l3_11(3) - 6*l1_11(3)*l2_11(2)*l3_11(2);
	c(17) = 8*l1_11(2)*l2_11(2)*l3_11(2) - 4*l1_11(1)*l2_11(2)*l3_11(1) - 6*l1_11(2)*l2_11(1)*l3_11(1) - 6*l1_11(1)*l2_11(1)*l3_11(2) + 2*l1_11(2)*l2_11(3)*l3_11(3) + 4*l1_11(3)*l2_11(2)*l3_11(3) + 2*l1_11(3)*l2_11(3)*l3_11(2);
	c(18) = 8*l1_11(1)*l2_11(1)*l3_11(1) - 6*l1_11(1)*l2_11(2)*l3_11(2) - 4*l1_11(2)*l2_11(1)*l3_11(2) - 6*l1_11(2)*l2_11(2)*l3_11(1) + 2*l1_11(1)*l2_11(3)*l3_11(3) + 4*l1_11(3)*l2_11(1)*l3_11(3) + 2*l1_11(3)*l2_11(3)*l3_11(1);
	c(19) = 2*l1_11(2)*l2_11(1)*l3_11(3) - 2*l1_11(3)*l2_11(1)*l3_11(2);
	c(20) = 2*l1_11(3)*l2_11(2)*l3_11(1) - 2*l1_11(1)*l2_11(2)*l3_11(3);
	c(21) = 2*l1_11(1)*l2_11(3)*l3_11(2) - 2*l1_11(2)*l2_11(3)*l3_11(1);
	c(22) = 6*l1_11(1)*l2_11(3)*l3_11(2) - 6*l1_11(2)*l2_11(3)*l3_11(1);
	c(23) = 6*l1_11(3)*l2_11(2)*l3_11(1) - 6*l1_11(1)*l2_11(2)*l3_11(3);
	c(24) = 6*l1_11(2)*l2_11(1)*l3_11(3) - 6*l1_11(3)*l2_11(1)*l3_11(2);
	c(25) = l1_11(2)*l2_11(1)*l3_11(3) - l1_11(1)*l2_11(3)*l3_11(2) - l1_11(1)*l2_11(2)*l3_11(3) + l1_11(2)*l2_11(3)*l3_11(1) - l1_11(3)*l2_11(1)*l3_11(2) + l1_11(3)*l2_11(2)*l3_11(1);
	c(26) = l1_11(1)*l2_11(2)*l3_11(3) + l1_11(1)*l2_11(3)*l3_11(2) + l1_11(2)*l2_11(1)*l3_11(3) - l1_11(2)*l2_11(3)*l3_11(1) - l1_11(3)*l2_11(1)*l3_11(2) - l1_11(3)*l2_11(2)*l3_11(1);
	c(27) = l1_11(1)*l2_11(3)*l3_11(2) - l1_11(1)*l2_11(2)*l3_11(3) - l1_11(2)*l2_11(1)*l3_11(3) - l1_11(2)*l2_11(3)*l3_11(1) + l1_11(3)*l2_11(1)*l3_11(2) + l1_11(3)*l2_11(2)*l3_11(1);
	c(28) = l1_11(1)*l2_11(2)*l3_11(3) - l1_11(1)*l2_11(3)*l3_11(2) - l1_11(2)*l2_11(1)*l3_11(3) + l1_11(2)*l2_11(3)*l3_11(1) + l1_11(3)*l2_11(1)*l3_11(2) - l1_11(3)*l2_11(2)*l3_11(1);
	c(29) = 2*l1_11(2)*l2_11(2)*l3_11(1) - 2*l1_11(1)*l2_11(2)*l3_11(2) + 2*l1_11(1)*l2_11(3)*l3_11(3) - 2*l1_11(3)*l2_11(3)*l3_11(1);
	c(30) = 2*l1_11(2)*l2_11(2)*l3_11(1) - 2*l1_11(1)*l2_11(2)*l3_11(2) + 2*l1_11(1)*l2_11(3)*l3_11(3) - 2*l1_11(3)*l2_11(3)*l3_11(1);
	c(31) = 2*l1_11(2)*l2_11(1)*l3_11(1) - 2*l1_11(1)*l2_11(1)*l3_11(2) - 2*l1_11(2)*l2_11(3)*l3_11(3) + 2*l1_11(3)*l2_11(3)*l3_11(2);
	c(32) = 2*l1_11(2)*l2_11(1)*l3_11(1) - 2*l1_11(1)*l2_11(1)*l3_11(2) - 2*l1_11(2)*l2_11(3)*l3_11(3) + 2*l1_11(3)*l2_11(3)*l3_11(2);
	c(33) = 2*l1_11(1)*l2_11(1)*l3_11(3) - 2*l1_11(3)*l2_11(1)*l3_11(1) - 2*l1_11(2)*l2_11(2)*l3_11(3) + 2*l1_11(3)*l2_11(2)*l3_11(2);
	c(34) = 2*l1_11(1)*l2_11(1)*l3_11(3) - 4*l1_11(1)*l2_11(3)*l3_11(1) + 2*l1_11(3)*l2_11(1)*l3_11(1) + 2*l1_11(2)*l2_11(2)*l3_11(3) - 4*l1_11(2)*l2_11(3)*l3_11(2) + 2*l1_11(3)*l2_11(2)*l3_11(2);
	c(35) = 2*l1_11(1)*l2_11(1)*l3_11(3) - 2*l1_11(3)*l2_11(1)*l3_11(1) - 2*l1_11(2)*l2_11(2)*l3_11(3) + 2*l1_11(3)*l2_11(2)*l3_11(2);
	c(36) = 2*l1_11(1)*l2_11(1)*l3_11(3) + 4*l1_11(1)*l2_11(3)*l3_11(1) + 2*l1_11(3)*l2_11(1)*l3_11(1) + 2*l1_11(2)*l2_11(2)*l3_11(3) + 4*l1_11(2)*l2_11(3)*l3_11(2) + 2*l1_11(3)*l2_11(2)*l3_11(2);
	c(37) = 2*l1_11(1)*l2_11(1)*l3_11(2) - 4*l1_11(1)*l2_11(2)*l3_11(1) + 2*l1_11(2)*l2_11(1)*l3_11(1) + 2*l1_11(2)*l2_11(3)*l3_11(3) - 4*l1_11(3)*l2_11(2)*l3_11(3) + 2*l1_11(3)*l2_11(3)*l3_11(2);
	c(38) = 2*l1_11(1)*l2_11(1)*l3_11(2) + 4*l1_11(1)*l2_11(2)*l3_11(1) + 2*l1_11(2)*l2_11(1)*l3_11(1) + 2*l1_11(2)*l2_11(3)*l3_11(3) + 4*l1_11(3)*l2_11(2)*l3_11(3) + 2*l1_11(3)*l2_11(3)*l3_11(2);
	c(39) = 2*l1_11(1)*l2_11(2)*l3_11(2) - 4*l1_11(2)*l2_11(1)*l3_11(2) + 2*l1_11(2)*l2_11(2)*l3_11(1) + 2*l1_11(1)*l2_11(3)*l3_11(3) - 4*l1_11(3)*l2_11(1)*l3_11(3) + 2*l1_11(3)*l2_11(3)*l3_11(1);
	c(40) = 2*l1_11(1)*l2_11(2)*l3_11(2) + 4*l1_11(2)*l2_11(1)*l3_11(2) + 2*l1_11(2)*l2_11(2)*l3_11(1) + 2*l1_11(1)*l2_11(3)*l3_11(3) + 4*l1_11(3)*l2_11(1)*l3_11(3) + 2*l1_11(3)*l2_11(3)*l3_11(1);
	c(41) = - 8*l1_11(4)*l2_11(5)*l3_11(6) - 8*l1_11(4)*l2_11(6)*l3_11(5) - 8*l1_11(5)*l2_11(4)*l3_11(6) - 8*l1_11(5)*l2_11(6)*l3_11(4) - 8*l1_11(6)*l2_11(4)*l3_11(5) - 8*l1_11(6)*l2_11(5)*l3_11(4);
	c(42) = 2*l1_11(5)*l2_11(5)*l3_11(4) - 2*l1_11(4)*l2_11(5)*l3_11(5) + 2*l1_11(4)*l2_11(6)*l3_11(6) - 2*l1_11(6)*l2_11(6)*l3_11(4);
	c(43) = 2*l1_11(5)*l2_11(4)*l3_11(4) - 2*l1_11(4)*l2_11(4)*l3_11(5) - 2*l1_11(5)*l2_11(6)*l3_11(6) + 2*l1_11(6)*l2_11(6)*l3_11(5);
	c(44) = 2*l1_11(4)*l2_11(4)*l3_11(6) - 2*l1_11(6)*l2_11(4)*l3_11(4) - 2*l1_11(5)*l2_11(5)*l3_11(6) + 2*l1_11(6)*l2_11(5)*l3_11(5);
	c(45) = 6*l1_11(4)*l2_11(5)*l3_11(5) - 6*l1_11(5)*l2_11(5)*l3_11(4) - 6*l1_11(4)*l2_11(6)*l3_11(6) + 6*l1_11(6)*l2_11(6)*l3_11(4);
	c(46) = 2*l1_11(4)*l2_11(4)*l3_11(6) + 4*l1_11(4)*l2_11(6)*l3_11(4) + 2*l1_11(6)*l2_11(4)*l3_11(4) - 6*l1_11(5)*l2_11(5)*l3_11(6) - 4*l1_11(5)*l2_11(6)*l3_11(5) - 6*l1_11(6)*l2_11(5)*l3_11(5) + 8*l1_11(6)*l2_11(6)*l3_11(6);
	c(47) = 2*l1_11(4)*l2_11(4)*l3_11(5) + 4*l1_11(4)*l2_11(5)*l3_11(4) + 2*l1_11(5)*l2_11(4)*l3_11(4) + 8*l1_11(5)*l2_11(5)*l3_11(5) - 6*l1_11(5)*l2_11(6)*l3_11(6) - 4*l1_11(6)*l2_11(5)*l3_11(6) - 6*l1_11(6)*l2_11(6)*l3_11(5);
	c(48) = 6*l1_11(4)*l2_11(4)*l3_11(5) - 6*l1_11(5)*l2_11(4)*l3_11(4) + 6*l1_11(5)*l2_11(6)*l3_11(6) - 6*l1_11(6)*l2_11(6)*l3_11(5);
	c(49) = 2*l1_11(5)*l2_11(5)*l3_11(6) - 4*l1_11(4)*l2_11(6)*l3_11(4) - 6*l1_11(6)*l2_11(4)*l3_11(4) - 6*l1_11(4)*l2_11(4)*l3_11(6) + 4*l1_11(5)*l2_11(6)*l3_11(5) + 2*l1_11(6)*l2_11(5)*l3_11(5) + 8*l1_11(6)*l2_11(6)*l3_11(6);
	c(50) = 8*l1_11(4)*l2_11(4)*l3_11(4) + 2*l1_11(4)*l2_11(5)*l3_11(5) + 4*l1_11(5)*l2_11(4)*l3_11(5) + 2*l1_11(5)*l2_11(5)*l3_11(4) - 6*l1_11(4)*l2_11(6)*l3_11(6) - 4*l1_11(6)*l2_11(4)*l3_11(6) - 6*l1_11(6)*l2_11(6)*l3_11(4);
	c(51) = 6*l1_11(6)*l2_11(4)*l3_11(4) - 6*l1_11(4)*l2_11(4)*l3_11(6) + 6*l1_11(5)*l2_11(5)*l3_11(6) - 6*l1_11(6)*l2_11(5)*l3_11(5);
