% Generated using GBSolver generator Copyright Martin Bujnak,
% Zuzana Kukelova, Tomas Pajdla CTU Prague 2008.
% 
% Please refer to the following paper, when using this code :
%     Kukelova Z., Bujnak M., Pajdla T., Automatic Generator of Minimal Problem Solvers,
%     ECCV 2008, Marseille, France, October 12-18, 2008

function [r11, r12, r13, r21, r22, r23] = solver_get_r_equations_abcd_simplier(l1_11, l2_11, l3_11)

	% precalculate polynomial equations coefficients
	c(1) = -2*l1_11(3)*l2_11(2)*l3_11(1);
	c(2) = l1_11(3)*l2_11(2)*l3_11(2) - l1_11(3)*l2_11(1)*l3_11(1);
	c(3) = l1_11(3)*l2_11(2)*l3_11(2) - l1_11(3)*l2_11(1)*l3_11(1);
	c(4) = l1_11(3)*l2_11(2)*l3_11(3);
	c(5) = 2*l1_11(3)*l2_11(1)*l3_11(2);
	c(6) = l1_11(3)*l2_11(2)*l3_11(3);
	c(7) = -l1_11(3)*l2_11(1)*l3_11(3);
	c(8) = -l1_11(3)*l2_11(1)*l3_11(3);
	c(9) = l1_11(3)*l2_11(3)*l3_11(3);
	c(10) = - l1_11(2)*l2_11(1)*l3_11(1) - l1_11(3)*l2_11(3)*l3_11(2);
	c(11) = l1_11(3)*l2_11(3)*l3_11(1) - l1_11(2)*l2_11(2)*l3_11(1) - l1_11(2)*l2_11(1)*l3_11(2);
	c(12) = l1_11(2)*l2_11(2)*l3_11(1) - l1_11(3)*l2_11(1)*l3_11(3) - l1_11(3)*l2_11(3)*l3_11(1);
	c(13) = l1_11(2)*l2_11(1)*l3_11(2) + l1_11(3)*l2_11(1)*l3_11(3);
	c(14) = l1_11(2)*l2_11(1)*l3_11(3) - l1_11(3)*l2_11(1)*l3_11(2);
	c(15) = -l1_11(2)*l2_11(2)*l3_11(2);
	c(16) = l1_11(3)*l2_11(1)*l3_11(1) + l1_11(2)*l2_11(2)*l3_11(3);
	c(17) = l1_11(1)*l2_11(1)*l3_11(1);
	c(18) = -l1_11(3)*l2_11(3)*l3_11(3);
	c(19) = l1_11(3)*l2_11(2)*l3_11(3) - l1_11(1)*l2_11(1)*l3_11(2) + l1_11(3)*l2_11(3)*l3_11(2);
	c(20) = - l1_11(1)*l2_11(2)*l3_11(1) - l1_11(3)*l2_11(2)*l3_11(3);
	c(21) = l1_11(1)*l2_11(1)*l3_11(2) + l1_11(1)*l2_11(2)*l3_11(1) - l1_11(3)*l2_11(3)*l3_11(2);
	c(22) = l1_11(1)*l2_11(2)*l3_11(2) + l1_11(3)*l2_11(3)*l3_11(1);
	c(23) = - l1_11(1)*l2_11(1)*l3_11(3) - l1_11(3)*l2_11(2)*l3_11(2);
	c(24) = l1_11(3)*l2_11(2)*l3_11(1) - l1_11(1)*l2_11(2)*l3_11(3);
	c(25) = l1_11(3)*l2_11(1)*l3_11(1) - l1_11(3)*l2_11(2)*l3_11(2);
	c(26) = -l1_11(3)*l2_11(2)*l3_11(3);
	c(27) = l1_11(3)*l2_11(1)*l3_11(3);
	c(28) = l1_11(3)*l2_11(1)*l3_11(3);
	c(29) = -l1_11(3)*l2_11(2)*l3_11(3);
	c(30) = l1_11(3)*l2_11(1)*l3_11(1) - l1_11(3)*l2_11(2)*l3_11(2);
	c(31) = l1_11(2)*l2_11(1)*l3_11(3);
	c(32) = -l1_11(2)*l2_11(3)*l3_11(1);
	c(33) = -l1_11(1)*l2_11(2)*l3_11(3);
	c(34) = l1_11(1)*l2_11(3)*l3_11(2);
	c(35) = -l1_11(1)*l2_11(1)*l3_11(1);
	c(36) = l1_11(2)*l2_11(1)*l3_11(1) + l1_11(3)*l2_11(3)*l3_11(2);
	c(37) = -l1_11(3)*l2_11(3)*l3_11(3);
	c(38) = l1_11(3)*l2_11(3)*l3_11(3);
	c(39) = - l1_11(1)*l2_11(2)*l3_11(2) - l1_11(3)*l2_11(3)*l3_11(1);
	c(40) = l1_11(2)*l2_11(2)*l3_11(2);
	c(41) = l1_11(1)*l2_11(1)*l3_11(3) + l1_11(3)*l2_11(2)*l3_11(2);
	c(42) = l1_11(1)*l2_11(2)*l3_11(3) - l1_11(3)*l2_11(2)*l3_11(1);
	c(43) = - l1_11(3)*l2_11(1)*l3_11(1) - l1_11(2)*l2_11(2)*l3_11(3);
	c(44) = l1_11(3)*l2_11(1)*l3_11(2) - l1_11(2)*l2_11(1)*l3_11(3);
	c(45) = l1_11(2)*l2_11(1)*l3_11(2);
	c(46) = l1_11(2)*l2_11(1)*l3_11(1) - l1_11(2)*l2_11(3)*l3_11(3);
	c(47) = -l1_11(2)*l2_11(3)*l3_11(2);
	c(48) = l1_11(1)*l2_11(1)*l3_11(3) - l1_11(2)*l2_11(2)*l3_11(3);
	c(49) = l1_11(1)*l2_11(1)*l3_11(2) + l1_11(2)*l2_11(3)*l3_11(3);
	c(50) = -l1_11(2)*l2_11(2)*l3_11(2);
	c(51) = l1_11(1)*l2_11(1)*l3_11(1);
	c(52) = l1_11(2)*l2_11(3)*l3_11(2);
	c(53) = - l1_11(2)*l2_11(2)*l3_11(1) - l1_11(1)*l2_11(3)*l3_11(3);
	c(54) = l1_11(2)*l2_11(3)*l3_11(1) - l1_11(1)*l2_11(3)*l3_11(2);
	c(55) = -l1_11(1)*l2_11(3)*l3_11(1);
	c(56) = l1_11(1)*l2_11(3)*l3_11(3) - l1_11(1)*l2_11(2)*l3_11(2);
	c(57) = -l1_11(1)*l2_11(2)*l3_11(1);
	c(58) = l1_11(1)*l2_11(3)*l3_11(1);
	c(59) = l1_11(3)*l2_11(2)*l3_11(1);
	c(60) = l1_11(3)*l2_11(2)*l3_11(1);
	c(61) = -l1_11(3)*l2_11(1)*l3_11(2);
	c(62) = -l1_11(3)*l2_11(1)*l3_11(2);
	c(63) = -2*l1_11(6)*l2_11(5)*l3_11(4);
	c(64) = l1_11(6)*l2_11(5)*l3_11(5) - l1_11(6)*l2_11(4)*l3_11(4);
	c(65) = l1_11(6)*l2_11(5)*l3_11(5) - l1_11(6)*l2_11(4)*l3_11(4);
	c(66) = l1_11(6)*l2_11(5)*l3_11(6);
	c(67) = 2*l1_11(6)*l2_11(4)*l3_11(5);
	c(68) = l1_11(6)*l2_11(5)*l3_11(6);
	c(69) = -l1_11(6)*l2_11(4)*l3_11(6);
	c(70) = -l1_11(6)*l2_11(4)*l3_11(6);
	c(71) = l1_11(6)*l2_11(6)*l3_11(6);
	c(72) = - l1_11(5)*l2_11(4)*l3_11(4) - l1_11(6)*l2_11(6)*l3_11(5);
	c(73) = l1_11(6)*l2_11(6)*l3_11(4) - l1_11(5)*l2_11(5)*l3_11(4) - l1_11(5)*l2_11(4)*l3_11(5);
	c(74) = l1_11(5)*l2_11(5)*l3_11(4) - l1_11(6)*l2_11(4)*l3_11(6) - l1_11(6)*l2_11(6)*l3_11(4);
	c(75) = l1_11(5)*l2_11(4)*l3_11(5) + l1_11(6)*l2_11(4)*l3_11(6);
	c(76) = l1_11(5)*l2_11(4)*l3_11(6) - l1_11(6)*l2_11(4)*l3_11(5);
	c(77) = -l1_11(5)*l2_11(5)*l3_11(5);
	c(78) = l1_11(6)*l2_11(4)*l3_11(4) + l1_11(5)*l2_11(5)*l3_11(6);
	c(79) = l1_11(4)*l2_11(4)*l3_11(4);
	c(80) = -l1_11(6)*l2_11(6)*l3_11(6);
	c(81) = l1_11(6)*l2_11(5)*l3_11(6) - l1_11(4)*l2_11(4)*l3_11(5) + l1_11(6)*l2_11(6)*l3_11(5);
	c(82) = - l1_11(4)*l2_11(5)*l3_11(4) - l1_11(6)*l2_11(5)*l3_11(6);
	c(83) = l1_11(4)*l2_11(4)*l3_11(5) + l1_11(4)*l2_11(5)*l3_11(4) - l1_11(6)*l2_11(6)*l3_11(5);
	c(84) = l1_11(4)*l2_11(5)*l3_11(5) + l1_11(6)*l2_11(6)*l3_11(4);
	c(85) = - l1_11(4)*l2_11(4)*l3_11(6) - l1_11(6)*l2_11(5)*l3_11(5);
	c(86) = l1_11(6)*l2_11(5)*l3_11(4) - l1_11(4)*l2_11(5)*l3_11(6);
	c(87) = l1_11(6)*l2_11(4)*l3_11(4) - l1_11(6)*l2_11(5)*l3_11(5);
	c(88) = -l1_11(6)*l2_11(5)*l3_11(6);
	c(89) = l1_11(6)*l2_11(4)*l3_11(6);
	c(90) = l1_11(6)*l2_11(4)*l3_11(6);
	c(91) = -l1_11(6)*l2_11(5)*l3_11(6);
	c(92) = l1_11(6)*l2_11(4)*l3_11(4) - l1_11(6)*l2_11(5)*l3_11(5);
	c(93) = l1_11(5)*l2_11(4)*l3_11(6);
	c(94) = -l1_11(5)*l2_11(6)*l3_11(4);
	c(95) = -l1_11(4)*l2_11(5)*l3_11(6);
	c(96) = l1_11(4)*l2_11(6)*l3_11(5);
	c(97) = -l1_11(4)*l2_11(4)*l3_11(4);
	c(98) = l1_11(5)*l2_11(4)*l3_11(4) + l1_11(6)*l2_11(6)*l3_11(5);
	c(99) = -l1_11(6)*l2_11(6)*l3_11(6);
	c(100) = l1_11(6)*l2_11(6)*l3_11(6);
	c(101) = - l1_11(4)*l2_11(5)*l3_11(5) - l1_11(6)*l2_11(6)*l3_11(4);
	c(102) = l1_11(5)*l2_11(5)*l3_11(5);
	c(103) = l1_11(4)*l2_11(4)*l3_11(6) + l1_11(6)*l2_11(5)*l3_11(5);
	c(104) = l1_11(4)*l2_11(5)*l3_11(6) - l1_11(6)*l2_11(5)*l3_11(4);
	c(105) = - l1_11(6)*l2_11(4)*l3_11(4) - l1_11(5)*l2_11(5)*l3_11(6);
	c(106) = l1_11(6)*l2_11(4)*l3_11(5) - l1_11(5)*l2_11(4)*l3_11(6);
	c(107) = l1_11(5)*l2_11(4)*l3_11(5);
	c(108) = l1_11(5)*l2_11(4)*l3_11(4) - l1_11(5)*l2_11(6)*l3_11(6);
	c(109) = -l1_11(5)*l2_11(6)*l3_11(5);
	c(110) = l1_11(4)*l2_11(4)*l3_11(6) - l1_11(5)*l2_11(5)*l3_11(6);
	c(111) = l1_11(4)*l2_11(4)*l3_11(5) + l1_11(5)*l2_11(6)*l3_11(6);
	c(112) = -l1_11(5)*l2_11(5)*l3_11(5);
	c(113) = l1_11(4)*l2_11(4)*l3_11(4);
	c(114) = l1_11(5)*l2_11(6)*l3_11(5);
	c(115) = - l1_11(5)*l2_11(5)*l3_11(4) - l1_11(4)*l2_11(6)*l3_11(6);
	c(116) = l1_11(5)*l2_11(6)*l3_11(4) - l1_11(4)*l2_11(6)*l3_11(5);
	c(117) = -l1_11(4)*l2_11(6)*l3_11(4);
	c(118) = l1_11(4)*l2_11(6)*l3_11(6) - l1_11(4)*l2_11(5)*l3_11(5);
	c(119) = -l1_11(4)*l2_11(5)*l3_11(4);
	c(120) = l1_11(4)*l2_11(6)*l3_11(4);
	c(121) = l1_11(6)*l2_11(5)*l3_11(4);
	c(122) = l1_11(6)*l2_11(5)*l3_11(4);
	c(123) = -l1_11(6)*l2_11(4)*l3_11(5);
	c(124) = -l1_11(6)*l2_11(4)*l3_11(5);
	c(125) = -2*l1_11(9)*l2_11(8)*l3_11(7);
	c(126) = l1_11(9)*l2_11(8)*l3_11(8) - l1_11(9)*l2_11(7)*l3_11(7);
	c(127) = l1_11(9)*l2_11(8)*l3_11(8) - l1_11(9)*l2_11(7)*l3_11(7);
	c(128) = l1_11(9)*l2_11(8)*l3_11(9);
	c(129) = 2*l1_11(9)*l2_11(7)*l3_11(8);
	c(130) = l1_11(9)*l2_11(8)*l3_11(9);
	c(131) = -l1_11(9)*l2_11(7)*l3_11(9);
	c(132) = -l1_11(9)*l2_11(7)*l3_11(9);
	c(133) = l1_11(9)*l2_11(9)*l3_11(9);
	c(134) = - l1_11(8)*l2_11(7)*l3_11(7) - l1_11(9)*l2_11(9)*l3_11(8);
	c(135) = l1_11(9)*l2_11(9)*l3_11(7) - l1_11(8)*l2_11(8)*l3_11(7) - l1_11(8)*l2_11(7)*l3_11(8);
	c(136) = l1_11(8)*l2_11(8)*l3_11(7) - l1_11(9)*l2_11(7)*l3_11(9) - l1_11(9)*l2_11(9)*l3_11(7);
	c(137) = l1_11(8)*l2_11(7)*l3_11(8) + l1_11(9)*l2_11(7)*l3_11(9);
	c(138) = l1_11(8)*l2_11(7)*l3_11(9) - l1_11(9)*l2_11(7)*l3_11(8);
	c(139) = -l1_11(8)*l2_11(8)*l3_11(8);
	c(140) = l1_11(9)*l2_11(7)*l3_11(7) + l1_11(8)*l2_11(8)*l3_11(9);
	c(141) = l1_11(7)*l2_11(7)*l3_11(7);
	c(142) = -l1_11(9)*l2_11(9)*l3_11(9);
